1.000000000000000000e+00
1.199999999999999956e+00
1.399999999999999911e+00
1.599999999999999867e+00
1.799999999999999822e+00
1.999999999999999778e+00
2.199999999999999734e+00
2.399999999999999467e+00
2.599999999999999645e+00
2.799999999999999822e+00
2.999999999999999556e+00
3.199999999999999289e+00
3.399999999999999467e+00
3.599999999999999645e+00
3.799999999999999378e+00
3.999999999999999112e+00
4.199999999999999289e+00
4.399999999999999467e+00
4.599999999999999645e+00
4.799999999999998934e+00
4.999999999999999112e+00
5.199999999999999289e+00
5.399999999999998579e+00
5.599999999999998757e+00
5.799999999999998934e+00
5.999999999999999112e+00
6.199999999999999289e+00
6.399999999999998579e+00
6.599999999999998757e+00
6.799999999999998934e+00
6.999999999999998224e+00
7.199999999999998401e+00
7.399999999999998579e+00
7.599999999999998757e+00
7.799999999999998934e+00
7.999999999999998224e+00
8.199999999999999289e+00
8.399999999999998579e+00
8.599999999999997868e+00
8.799999999999997158e+00
8.999999999999998224e+00
9.199999999999997513e+00
9.399999999999998579e+00
9.599999999999997868e+00
9.799999999999997158e+00
9.999999999999998224e+00
1.019999999999999751e+01
1.039999999999999858e+01
1.059999999999999787e+01
1.079999999999999716e+01
1.099999999999999822e+01
1.119999999999999751e+01
1.139999999999999858e+01
1.159999999999999787e+01
1.179999999999999716e+01
1.199999999999999822e+01
1.219999999999999751e+01
1.239999999999999680e+01
1.259999999999999787e+01
1.279999999999999716e+01
1.299999999999999645e+01
1.319999999999999751e+01
1.339999999999999680e+01
1.359999999999999787e+01
1.379999999999999716e+01
1.399999999999999645e+01
1.419999999999999751e+01
1.439999999999999680e+01
1.459999999999999787e+01
1.479999999999999716e+01
