2.018875480942971645e+00
2.212362722865719444e+00
2.304530230982114958e+00
2.366828001109567481e+00
2.375384333299009665e+00
2.405671351208519049e+00
2.515648164977379864e+00
2.524217121983189482e+00
2.552631040531358586e+00
2.573784519368080836e+00
2.604061263152061656e+00
2.686061627802257323e+00
2.725979729082217862e+00
2.758957082653394899e+00
2.897614583223044882e+00
3.011013834463287964e+00
3.049252290839968182e+00
3.068544799183452909e+00
3.107644919340220468e+00
3.153254670362947376e+00
3.153734997042265675e+00
3.177244784097020158e+00
3.179647624478020962e+00
3.209946074293317686e+00
3.293422679626034189e+00
3.304686366655213092e+00
3.371102961451947433e+00
3.383866101385024194e+00
3.459776778341985271e+00
3.542158003004924449e+00
3.542381299980927878e+00
3.558177360142887657e+00
3.561312228039624550e+00
3.570417059814097627e+00
3.572448123047013091e+00
3.584191402587013631e+00
3.681001848195286641e+00
3.830559561868980722e+00
3.877056600610840675e+00
3.893535815950836199e+00
3.916329955691637998e+00
3.994820007729218858e+00
3.997129996225902815e+00
4.032544179362807846e+00
4.034663180920137648e+00
4.096129180135904768e+00
4.102030744055246814e+00
4.154116639711147307e+00
4.213916227335717579e+00
4.330355592510091611e+00
4.339423060512630492e+00
4.344557813369861243e+00
4.398966044549671217e+00
4.569860156205815649e+00
4.608559722629268052e+00
4.620813150946911918e+00
4.640746050292516856e+00
4.658743220604320001e+00
4.698581238455302511e+00
4.707830432612508886e+00
4.726005077008055721e+00
4.761798529903754407e+00
4.774998191048886120e+00
4.840047726488872826e+00
4.952524378333922783e+00
4.960225110780367430e+00
5.019641943193323463e+00
5.099253292984489150e+00
5.123036509449272025e+00
5.215173751847151706e+00
